#   43.372 -14.914  37.960 ;Mean Elev.(m), Avg Gradient(m/km), RMS Gradient(m/km) - SRTM1     
#   61.729 -14.876  38.447 ;Mean Elev.(m), Avg Gradient(m/km), RMS Gradient(m/km) - ASTER GDEM
#   43.026 -15.046  38.419 ;Mean Elev.(m), Avg Gradient(m/km), RMS Gradient(m/km) - GMTED2010 
  7  35.037768 -17.392747    26.700    26.700  2 52449.31194912 39.023
  8  35.045242 -17.396548    43.298    43.211  3 52484.31193629 36.603
 10  35.039923 -17.393864    43.568    43.509  3 52554.31194832 36.370
 11  35.046551 -17.396574    43.166    43.166  2 52589.31193352 24.238
 13  35.047115 -17.398420    44.015    44.015  2 52659.31190175 40.800
 16  35.041009 -17.394847    41.936    41.888  3 52764.31192793 42.674
 17  35.048692 -17.397999    41.517    41.517  2 52799.31191001 50.075
 18  35.048585 -17.399928    41.869    41.869  2 52834.31197955 36.407
 21  35.048726 -17.399585    44.930    44.930  2 52939.31196453 27.773
 22  35.044007 -17.396360    46.583    46.601  3 52974.31200448 30.440
 23  35.042482 -17.395526    44.007    44.007  2 53009.31201048 24.125
 24  35.042957 -17.395327    42.530    42.530  2 53044.31197030 43.468
 25  35.042279 -17.394968    45.620    45.620  2 53079.31200400 30.101
 27  35.042170 -17.395415    44.025    44.025  2 53149.31202006 38.952
 28  35.051004 -17.405083    42.122    42.153  3 53184.31201630 44.239
 29  35.047149 -17.396023    42.372    42.372  2 53219.31203978 38.371
 30  35.044474 -17.395638    43.569    43.962  3 53254.31201694 38.507
 31  35.038604 -17.392905    45.564    45.499  3 53289.31202234 25.598
 32  35.051198 -17.402209    44.659    44.659  2 53324.31199926 27.185
 34  35.044485 -17.394461    43.818    43.822  3 53394.31197714 46.247
 36  35.046624 -17.398295    42.062    42.062  2 53464.31199489 38.186
 37  35.039934 -17.394428    42.572    42.572  2 53499.31205974 42.527
 38  35.048948 -17.399316    43.445    43.445  2 53534.31204585 42.917
 39  35.041510 -17.395351    43.577    43.552  3 53569.31205993 36.966
 41  35.042473 -17.394807    44.142    44.142  2 53639.31200496 42.393
 43  35.051363 -17.405088    43.156    43.136  3 53709.31195759 40.414
 44  35.050741 -17.404396    45.999    45.932  3 53744.31186745 39.625
 45  35.050214 -17.401324    43.175    43.175  2 53779.31189629 45.315
 46  35.050872 -17.402248    43.866    43.866  2 53814.31186871 44.605
 47  35.042418 -17.394080    43.045    43.045  2 53849.31192817 46.793
 49  35.039083 -17.393350    43.875    44.077  3 53919.31200811 41.994
 50  35.038889 -17.393092    44.305    44.334  3 53954.31200916 40.325
 52  35.046030 -17.397003    43.318    43.000  3 54024.31199155 44.960
 53  35.051026 -17.406171    42.846    42.756  4 54059.31198627 41.418
 54  35.048020 -17.398348    42.515    42.515  2 54094.31196221 39.207
 55  35.046122 -17.396654    47.808    47.714  3 54129.31190308 30.762
 56  35.046142 -17.396237    44.973    44.973  2 54164.31193273 42.395
 58  35.047101 -17.398390    43.094    43.094  2 54234.31194626 40.495
 59  35.047742 -17.397901    43.344    43.344  2 54269.31196631 23.672
 60  35.047636 -17.397734    43.913    43.913  2 54304.31196963 39.700
 62  35.046799 -17.397337    43.747    43.747  2 54374.31190342 43.769
 63  35.046521 -17.397060    44.242    44.242  2 54409.31189961 41.802
 66  35.046332 -17.397344    44.449    44.449  2 54514.31188026 41.877
 67  35.047232 -17.399247    42.243    42.243  2 54549.31190327 41.474
 69  35.046967 -17.397248    42.200    42.200  2 54619.31189585 39.630
 70  35.045798 -17.396513    42.921    42.921  2 54654.31190672 34.599
 71  35.047403 -17.397408    44.409    44.409  2 54689.31189419 23.859
 72  35.046662 -17.396628    45.730    45.730  2 54724.31185580 19.257
 73  35.046170 -17.397440    43.803    43.803  2 54759.31187114 41.617
 74  35.044414 -17.395772    44.147    44.677  3 54794.31184898 36.179
 75  35.046823 -17.397134    45.394    45.324  3 54829.31186962 43.372
 76  35.046077 -17.397532    47.043    47.020  3 54864.31184419 39.654
 77  35.046030 -17.396096    43.235    43.235  2 54899.31186928 39.426
 78  35.046057 -17.397120    42.793    42.773  3 54934.31183638 45.920
 79  35.047080 -17.397445    42.772    42.772  2 54969.31187046 44.245
 80  35.044578 -17.395175    42.582    42.583  3 55004.31189025 40.054
 81  35.047964 -17.398548    43.355    43.355  2 55039.31187747 43.928
 82  35.047575 -17.397387    43.501    43.501  2 55074.31186136 40.336
 83  35.045944 -17.395676    43.523    42.794  3 55109.31181015 41.505
 84  35.046007 -17.396003    44.116    44.118  3 55144.31181364 34.736
 85  35.046141 -17.395997    44.408    44.634  3 55179.31178411 25.148
 86  35.046730 -17.397291    44.065    44.065  2 55214.31180870 38.896
 87  35.047003 -17.398053    66.159    66.159  2 55249.31178335  8.150
 88  35.046428 -17.397862    43.840    43.840  2 55284.31180176 42.751
 89  35.045916 -17.396255    44.124    44.153  3 55319.31177308 46.915
 90  35.046629 -17.397489    43.765    43.765  2 55354.31177561 43.827
 91  35.044944 -17.395719    44.445    44.430  3 55389.31177360 46.757
 92  35.047674 -17.398357    44.135    44.135  2 55424.31179248 38.635
 93  35.048479 -17.398877    42.688    42.688  2 55459.31176341 34.350
