#   43.372 -14.914  37.960 ;Mean Elev.(m), Avg Gradient(m/km), RMS Gradient(m/km) - SRTM1     
#   61.729 -14.876  38.447 ;Mean Elev.(m), Avg Gradient(m/km), RMS Gradient(m/km) - ASTER GDEM
#   43.026 -15.046  38.419 ;Mean Elev.(m), Avg Gradient(m/km), RMS Gradient(m/km) - GMTED2010 
  7    26.580 52449.31194879 38.85  35.038158 -17.391097 17.658
  7    26.820 52449.31194944 39.19  35.037378 -17.394397 17.658
  8    43.626 52484.31193565 36.35  35.046013 -17.393249 18.773
  8    43.211 52484.31193629 37.33  35.045243 -17.396549 18.773
  8    43.057 52484.31193694 36.02  35.044469 -17.399847 12.624
 10    43.342 52554.31194767 35.68  35.040700 -17.390567 21.912
 10    43.509 52554.31194832 36.41  35.039920 -17.393867 21.912
 10    43.855 52554.31194896 36.93  35.039150 -17.397157 21.912
 11    43.361 52589.31193320 24.08  35.046936 -17.394929 19.708
 11    42.971 52589.31193384 24.39  35.046166 -17.398219 19.708
 13    44.208 52659.31190143 40.77  35.047500 -17.396775 30.264
 13    43.823 52659.31190208 40.83  35.046730 -17.400065 30.264
 16    42.128 52764.31192728 44.27  35.041782 -17.391554 25.917
 16    41.888 52764.31192793 41.73  35.041012 -17.394844 25.917
 16    41.792 52764.31192857 41.43  35.040232 -17.398144 25.917
 17    41.513 52799.31190968 46.04  35.049077 -17.396354 21.830
 17    41.521 52799.31191033 52.13  35.048307 -17.399644 21.830
 18    41.917 52834.31197923 36.27  35.048970 -17.398278 19.303
 18    41.822 52834.31197987 36.54  35.048200 -17.401578 19.303
 21    45.644 52939.31196421 26.87  35.049116 -17.397940 23.293
 21    44.216 52939.31196485 28.52  35.048336 -17.401230 23.293
 22    46.794 52974.31200384 31.86  35.044777 -17.393063  9.918
 22    46.601 52974.31200448 29.92  35.044007 -17.396363  9.918
 22    46.352 52974.31200513 29.05  35.043237 -17.399653  9.918
 23    44.136 53009.31201016 22.51  35.042867 -17.393881 26.082
 23    43.877 53009.31201080 25.30  35.042097 -17.397171 26.082
 24    42.482 53044.31196998 44.59  35.043342 -17.393682 25.100
 24    42.578 53044.31197063 41.95  35.042572 -17.396972 25.100
 25    45.838 53079.31200368 28.68  35.042669 -17.393318 15.274
 25    45.403 53079.31200432 31.17  35.041889 -17.396618 15.274
 27    44.511 53149.31201974 39.88  35.042560 -17.393765 24.529
 27    43.539 53149.31202039 37.77  35.041780 -17.397065 24.529
 28    42.153 53184.31201565 43.97  35.051774 -17.401786 27.373
 28    42.171 53184.31201630 45.87  35.051004 -17.405086 27.373
 28    42.043 53184.31201694 42.05  35.050234 -17.408376 27.373
 29    42.391 53219.31203946 38.05  35.047534 -17.394373 21.669
 29    42.352 53219.31204011 38.67  35.046764 -17.397673 21.669
 30    44.371 53254.31201630 39.59  35.045247 -17.392345 24.588
 30    43.962 53254.31201694 35.84  35.044477 -17.395635 24.588
 30    42.372 53254.31201759 39.21  35.043697 -17.398935 24.588
 31    45.499 53289.31202170 23.48  35.039382 -17.389607 11.141
 31    44.174 53289.31202234 27.33  35.038600 -17.392904 13.611
 31    47.019 53289.31202298 25.12  35.037830 -17.396204 13.611
 32    44.717 53324.31199894 21.47  35.051588 -17.400559 15.229
 32    44.601 53324.31199958 29.57  35.050808 -17.403859 15.229
 34    43.895 53394.31197649 47.63  35.045262 -17.391163  9.445
 34    43.822 53394.31197714 45.87  35.044481 -17.394460 29.256
 34    43.737 53394.31197778 44.75  35.043711 -17.397760 29.256
 36    42.081 53464.31199456 37.51  35.047009 -17.396650 19.157
 36    42.044 53464.31199521 38.77  35.046239 -17.399940 19.157
 37    42.499 53499.31205942 43.78  35.040322 -17.392779 17.054
 37    42.646 53499.31206006 40.76  35.039546 -17.396077 11.551
 38    43.921 53534.31204553 39.81  35.049338 -17.397671 24.326
 38    42.969 53534.31204617 44.71  35.048558 -17.400961 24.326
 39    43.520 53569.31205928 39.06  35.042282 -17.392053 15.147
 39    43.658 53569.31205993 36.11  35.041509 -17.395350 14.832
 39    43.552 53569.31206057 34.44  35.040739 -17.398650 14.832
 41    43.740 53639.31200464 44.21  35.042859 -17.393158 15.015
 41    44.545 53639.31200528 39.21  35.042087 -17.396455 14.995
 43    43.136 53709.31195695 41.94  35.052140 -17.401788 28.917
 43    43.483 53709.31195759 39.55  35.051360 -17.405088 28.917
 43    42.848 53709.31195824 39.22  35.050590 -17.408388 28.917
 44    46.176 53744.31186681 40.25  35.051511 -17.401096 20.953
 44    45.932 53744.31186745 39.22  35.050741 -17.404396 20.953
 44    45.889 53744.31186810 39.33  35.049971 -17.407696 20.953
 45    43.197 53779.31189597 45.30  35.050604 -17.399679 33.727
 45    43.152 53779.31189662 45.33  35.049824 -17.402969 33.727
 46    43.923 53814.31186839 44.80  35.051256 -17.400598 13.038
 46    43.809 53814.31186903 44.40  35.050489 -17.403898 33.845
 47    43.017 53849.31192784 48.15  35.042803 -17.392430 17.056
 47    43.073 53849.31192849 44.81  35.042033 -17.395730 17.056
 49    44.077 53919.31200746 44.86  35.039860 -17.390057 18.930
 49    44.486 53919.31200811 39.05  35.039080 -17.393347 18.930
 49    43.063 53919.31200875 39.46  35.038310 -17.396647 18.930
 50    44.112 53954.31200852 42.88  35.039666 -17.389799 18.693
 50    44.468 53954.31200916 38.34  35.038886 -17.393089 18.693
 50    44.334 53954.31200981 37.85  35.038116 -17.396389 18.693
 52    43.000 54024.31199091 46.15  35.046801 -17.393704 16.787
 52    42.949 54024.31199155 45.98  35.046031 -17.397004 16.787
 52    44.005 54024.31199220 41.19  35.045259 -17.400301 22.642
 53    42.686 54059.31198531 39.74  35.052186 -17.401228 25.466
 53    43.262 54059.31198595 41.65  35.051416 -17.404518 25.466
 53    42.826 54059.31198660 42.15  35.050636 -17.407818 25.466
 53    42.609 54059.31198724 41.76  35.049866 -17.411118 25.466
 54    42.504 54094.31196189 38.22  35.048410 -17.396703 16.875
 54    42.526 54094.31196253 40.01  35.047630 -17.399993 16.875
 55    47.714 54129.31190243 30.46  35.046893 -17.393355  6.539
 55    47.592 54129.31190308 30.83  35.046123 -17.396655  6.539
 55    48.117 54129.31190372 30.98  35.045349 -17.399952 21.448
 56    44.964 54164.31193241 40.54  35.046527 -17.394587 33.822
 56    44.981 54164.31193305 43.69  35.045757 -17.397887 33.822
 58    43.942 54234.31194594 37.02  35.047491 -17.396745 20.282
 58    42.246 54234.31194658 42.40  35.046711 -17.400035 20.282
 59    43.348 54269.31196598 23.41  35.048127 -17.396251 20.720
 59    43.340 54269.31196663 23.92  35.047357 -17.399551 20.720
 60    44.227 54304.31196931 39.49  35.048021 -17.396084 21.519
 60    43.598 54304.31196995 39.90  35.047251 -17.399384 21.519
 62    43.797 54374.31190309 44.31  35.047184 -17.395692 22.432
 62    43.696 54374.31190374 43.15  35.046414 -17.398982 22.432
 63    44.146 54409.31189929 41.68  35.046906 -17.395415 27.553
 63    44.337 54409.31189994 41.92  35.046136 -17.398705 27.553
 66    44.811 54514.31187994 42.96  35.046717 -17.395699 22.048
 66    44.086 54514.31188059 40.43  35.045947 -17.398989 22.048
 67    42.235 54549.31190295 39.95  35.047617 -17.397602 19.888
 67    42.251 54549.31190359 42.60  35.046847 -17.400892 19.888
 69    42.244 54619.31189553 38.54  35.047352 -17.395598 19.462
 69    42.156 54619.31189618 40.50  35.046582 -17.398898 19.462
 70    42.939 54654.31190640 35.14  35.046183 -17.394868 19.543
 70    42.904 54654.31190704 33.98  35.045413 -17.398158 19.543
 71    44.573 54689.31189387 22.92  35.047788 -17.395763 25.386
 71    44.246 54689.31189451 24.63  35.047018 -17.399053 25.386
 72    45.729 54724.31185548 12.85  35.047047 -17.394978 13.624
 72    45.732 54724.31185612 21.74  35.046277 -17.398278 13.624
 73    43.915 54759.31187082 42.75  35.046555 -17.395795 26.347
 73    43.691 54759.31187146 40.08  35.045785 -17.399085 26.347
 74    44.677 54794.31184833 34.55  35.045187 -17.392472 20.711
 74    45.098 54794.31184898 34.09  35.044417 -17.395772 20.711
 74    42.667 54794.31184962 38.47  35.043637 -17.399072 20.711
 75    45.774 54829.31186898 43.02  35.047600 -17.393837 27.059
 75    45.085 54829.31186962 44.45  35.046820 -17.397137 27.059
 75    45.324 54829.31187027 42.38  35.046050 -17.400427 27.059
 76    47.165 54864.31184355 39.45  35.046854 -17.394235 18.232
 76    47.020 54864.31184419 40.32  35.046074 -17.397535 18.232
 76    46.945 54864.31184484 39.10  35.045304 -17.400825 18.232
 77    43.310 54899.31186896 39.52  35.046415 -17.394451 19.374
 77    43.160 54899.31186961 39.33  35.045645 -17.397741 19.374
 78    42.887 54934.31183574 45.86  35.046834 -17.393823 25.278
 78    42.773 54934.31183638 45.91  35.046054 -17.397123 25.278
 78    42.721 54934.31183703 45.99  35.045284 -17.400413 25.278
 79    42.835 54969.31187014 42.61  35.047470 -17.395795 21.447
 79    42.709 54969.31187078 45.43  35.046690 -17.399095 21.447
 80    42.583 55004.31188961 41.18  35.045355 -17.391878 19.025
 80    42.659 55004.31189025 39.61  35.044575 -17.395178 19.025
 80    42.503 55004.31189090 39.09  35.043805 -17.398468 19.025
 81    43.956 55039.31187715 42.24  35.048352 -17.396899 15.629
 81    42.754 55039.31187779 45.14  35.047576 -17.400197 16.304
 82    44.305 55074.31186104 37.66  35.047960 -17.395742 22.260
 82    42.697 55074.31186168 41.98  35.047190 -17.399032 22.260
 83    45.028 55109.31180951 39.74  35.046714 -17.392383 22.272
 83    42.747 55109.31181015 41.79  35.045944 -17.395673 22.272
 83    42.794 55109.31181080 42.53  35.045174 -17.398973 22.272
 84    44.152 55144.31181299 35.66  35.046784 -17.392706 20.635
 84    44.118 55144.31181364 35.48  35.046004 -17.396006 20.635
 84    44.078 55144.31181428 32.34  35.045234 -17.399296 20.635
 85    43.917 55179.31178347 25.91  35.046918 -17.392697 13.238
 85    44.673 55179.31178411 26.38  35.046138 -17.395997 13.238
 85    44.634 55179.31178476 21.96  35.045368 -17.399297 13.238
 86    43.550 55214.31180838 39.59  35.047115 -17.395646 23.082
 86    44.580 55214.31180902 38.07  35.046345 -17.398936 23.082
 87    65.910 55249.31178303  8.09  35.047388 -17.396403 10.661
 87    66.408 55249.31178367  8.21  35.046618 -17.399703 10.661
 88    43.865 55284.31180144 41.89  35.046818 -17.396212 27.592
 88    43.815 55284.31180208 43.47  35.046038 -17.399512 27.592
 89    44.153 55319.31177244 46.81  35.046693 -17.392958 26.480
 89    44.308 55319.31177308 46.04  35.045913 -17.396258 26.480
 89    43.911 55319.31177373 47.73  35.045143 -17.399548 26.480
 90    43.699 55354.31177529 42.62  35.047014 -17.395844 25.401
 90    43.831 55354.31177593 44.77  35.046244 -17.399134 25.401
 91    44.491 55389.31177295 48.65  35.045717 -17.392426 24.049
 91    44.430 55389.31177360 45.24  35.044947 -17.395716 24.049
 91    44.413 55389.31177424 45.50  35.044167 -17.399016 24.049
 92    44.450 55424.31179215 38.67  35.048064 -17.396707 21.791
 92    43.819 55424.31179280 38.60  35.047284 -17.400007 21.791
 93    43.022 55459.31176309 34.14  35.048864 -17.397232 22.630
 93    42.354 55459.31176373 34.55  35.048094 -17.400522 22.630
