#   61.637  -0.217   6.615 ;Mean Elev.(m), Avg Gradient(m/km), RMS Gradient(m/km) - SRTM1     
#   74.249   0.005   7.252 ;Mean Elev.(m), Avg Gradient(m/km), RMS Gradient(m/km) - ASTER GDEM
#   62.308  -0.249   6.477 ;Mean Elev.(m), Avg Gradient(m/km), RMS Gradient(m/km) - GMTED2010 
  7  34.845598 -17.007838    59.903    59.850  5 52465.82722083 49.352
  8  34.843473 -17.004575    60.036    60.038  4 52500.82721563 45.906
  9  34.846387 -17.009843    59.791    59.801  5 52535.82720138 32.776
 10  34.845264 -17.008779    59.826    59.811  6 52570.82723484 47.015
 11  34.845144 -17.008222    59.780    59.788  6 52605.82720464 31.169
 12  34.845088 -17.007521    60.261    60.078  5 52640.82719470 34.930
 13  34.845655 -17.008183    60.628    60.605  5 52675.82718560 43.163
 14  34.845023 -17.006873    60.918    60.929  4 52710.82720994 46.410
 15  34.834136 -16.996677    60.629    60.635  3 52745.82723945 43.648
 16  34.845678 -17.007885    59.419    59.362  5 52780.82717485 35.820
 17  34.844158 -17.006946    59.659    59.634  4 52815.82725648 46.877
 18  34.847489 -17.010305    60.077    60.094  5 52850.82730741 37.970
 19  34.840459 -17.002811    59.816    59.816  2 52885.82734369 45.651
 20  34.844362 -17.007434    59.648    59.600  4 52920.82729842 28.371
 21  34.853788 -17.012935    59.220    59.164  4 52955.82726138 32.088
 22  34.853734 -17.012999    59.636    59.740  4 52990.82727640 40.196
 23  34.854378 -17.012448    59.809    59.929  4 53025.82724517 39.402
 25  34.835043 -16.996033    61.120    61.076  3 53095.82728751 41.679
 26  34.854855 -17.012683    59.906    60.039  4 53130.82725661 38.693
 28  34.845624 -17.009674    60.145    60.176  5 53200.82733184 42.069
 29  34.853572 -17.012340    59.261    59.333  5 53235.82730033 32.938
 30  34.849549 -17.010266    59.723    59.745  5 53270.82726198 40.186
 31  34.838652 -17.002472    60.382    60.382  2 53305.82732686 37.799
 32  34.844043 -17.007326    60.227    60.248  4 53340.82729365 35.740
 33  34.847870 -17.010952    60.938    60.944  5 53375.82722247 46.117
 34  34.849792 -17.010151    60.167    60.142  4 53410.82726773 44.865
 35  34.843676 -17.006570    59.697    59.679  4 53445.82725064 31.491
 36  34.838636 -17.001762    60.086    60.006  3 53480.82733543 43.081
 37  34.845620 -17.008580    59.988    59.997  6 53515.82733914 37.412
 38  34.837697 -17.001401    60.261    60.261  2 53550.82736062 43.941
 39  34.848128 -17.010867    59.930    59.895  5 53585.82731624 45.918
 40  34.840445 -17.003619    60.274    60.274  2 53620.82727769 27.493
 41  34.844929 -17.006811    60.111    60.104  4 53655.82730555 46.906
 42  34.842081 -17.004023    60.338    60.338  2 53690.82729636 47.761
 43  34.846068 -17.007594    60.151    60.149  5 53725.82721958 48.130
 44  34.856257 -17.014304    60.764    60.835  4 53760.82716611 45.168
 45  34.848588 -17.008841    60.174    60.181  5 53795.82718300 48.558
 46  34.851720 -17.011933    60.467    60.473  5 53830.82716444 45.718
 47  34.843330 -17.004642    60.357    60.305  4 53865.82724096 44.594
 48  34.844696 -17.006127    60.299    60.315  4 53900.82726846 45.222
 49  34.832330 -16.994806    60.840    60.841  3 53935.82731207 42.826
 50  34.838832 -17.001957    60.685    60.676  3 53970.82727780 33.869
 51  34.850863 -17.011394    60.266    60.262  4 54005.82725495 26.367
 52  34.851461 -17.011974    60.004    59.941  5 54040.82728373 29.256
 53  34.846180 -17.009108    60.495    60.518  6 54075.82727829 29.559
 54  34.841180 -17.001594    61.591    61.591  2 54110.82722233 46.239
 55  34.846897 -17.010037    62.644    62.603  5 54145.82721880 41.219
 56  34.842646 -17.004496    60.414    60.431  3 54180.82720809 46.425
 58  34.845352 -17.008934    60.225    60.211  6 54250.82725410 45.801
 59  34.846769 -17.008290    60.257    60.317  5 54285.82726056 44.615
 60  34.847504 -17.009222    60.324    60.189  5 54320.82725699 34.337
 61  34.845008 -17.006669    60.796    60.732  4 54355.82721890 28.682
 62  34.846828 -17.007751    60.318    60.332  5 54390.82719791 40.747
 63  34.846297 -17.009846    60.507    60.487  5 54425.82716805 46.456
 64  34.848624 -17.011063    62.014    62.020  5 54460.82717377 47.416
 65  34.846407 -17.008277    63.288    63.306  5 54495.82717475 42.856
 66  34.848944 -17.009024    60.385    60.393  5 54530.82718694 37.469
 67  34.843926 -17.005848    59.953    59.956  4 54565.82718126 22.035
 68  34.845737 -17.007579    60.215    60.228  5 54600.82718341 34.313
 69  34.843864 -17.005218    60.511    60.540  4 54635.82719559 39.945
 70  34.844318 -17.007320    60.431    60.463  4 54670.82719909 32.996
 71  34.846259 -17.007628    60.314    60.334  5 54705.82716072 40.094
 72  34.847403 -17.010401    60.483    60.447  5 54740.82716251 41.386
 73  34.847408 -17.010569    60.085    60.096  5 54775.82714072 49.035
 74  34.847539 -17.008666    61.198    61.217  5 54810.82715570 47.734
 75  34.845037 -17.007695    61.159    61.152  4 54845.82714135 47.299
 76  34.844932 -17.006352    60.667    60.648  4 54880.82715970 45.666
 77  34.841215 -17.002337    61.935    61.935  2 54915.82714518 43.038
 78  34.844625 -17.006891    60.550    60.580  5 54950.82715298 30.426
 79  34.842986 -17.004677    60.488    60.512  3 54985.82717841 46.386
 80  34.847205 -17.008067    60.152    60.146  5 55020.82717053 39.742
 81  34.846313 -17.008274    60.171    60.182  5 55055.82716769 46.426
 82  34.843268 -17.005752    60.551    60.491  4 55090.82712682 36.473
 83  34.847442 -17.009583    60.415    60.410  5 55125.82710571 34.080
 84  34.844096 -17.005561    60.129    60.145  4 55160.82708737 31.876
 85  34.847394 -17.010327    60.104    60.129  5 55195.82709642 45.289
 86  34.842837 -17.004314    60.480    60.469  4 55230.82709095 45.791
 87  34.847048 -17.008511    61.884    61.873  5 55265.82709116 45.893
 88  34.845440 -17.008570    61.340    61.348  6 55300.82707182 46.707
 89  34.844246 -17.005595    61.350    61.326  4 55335.82706873 42.492
 90  34.846687 -17.008733    61.494    61.472  5 55370.82705791 39.491
 91  34.848383 -17.009733    59.977    59.998  4 55405.82707627 42.551
 92  34.846518 -17.009191    59.936    59.919  5 55440.82707695 43.806
 93  34.845129 -17.006523    59.961    59.927  4 55475.82702083 27.136
