#   61.637  -0.217   6.615 ;Mean Elev.(m), Avg Gradient(m/km), RMS Gradient(m/km) - SRTM1     
#   74.249   0.005   7.252 ;Mean Elev.(m), Avg Gradient(m/km), RMS Gradient(m/km) - ASTER GDEM
#   62.308  -0.249   6.477 ;Mean Elev.(m), Avg Gradient(m/km), RMS Gradient(m/km) - GMTED2010 
  7    59.593 52465.82721954 51.50  34.847148 -17.014437 26.752
  7    59.722 52465.82722019 48.45  34.846368 -17.011137 26.752
  7    59.966 52465.82722083 49.40  34.845598 -17.007837 26.752
  7    60.155 52465.82722147 46.46  34.844828 -17.004547 26.752
  7    60.079 52465.82722212 49.45  34.844058 -17.001247 26.752
  8    59.950 52500.82721466 44.24  34.844631 -17.009520 26.080
  8    60.026 52500.82721531 43.92  34.843861 -17.006220 26.080
  8    60.050 52500.82721595 45.86  34.843091 -17.002930 26.080
  8    60.120 52500.82721660 48.20  34.842311 -16.999630 26.080
  9    59.648 52535.82720009 35.08  34.847932 -17.016442 16.991
  9    59.712 52535.82720073 35.14  34.847162 -17.013142 16.991
  9    59.822 52535.82720138 32.82  34.846382 -17.009842 16.991
  9    59.820 52535.82720202 27.85  34.845612 -17.006552 16.991
  9    59.954 52535.82720267 26.67  34.844842 -17.003252 16.991
 10    59.542 52570.82723322 48.54  34.847191 -17.017021 20.337
 10    59.637 52570.82723387 48.74  34.846421 -17.013721 20.337
 10    59.901 52570.82723451 45.16  34.845651 -17.010431 20.337
 10    59.869 52570.82723516 43.79  34.844878 -17.007127 18.194
 10    59.972 52570.82723580 45.66  34.844108 -17.003837 18.194
 10    60.039 52570.82723645 47.92  34.843338 -17.000537 18.194
 11    59.443 52605.82720303 28.85  34.847079 -17.016464 22.317
 11    59.623 52605.82720368 33.54  34.846299 -17.013164 22.317
 11    59.824 52605.82720432 29.09  34.845529 -17.009874 22.317
 11    59.688 52605.82720497 27.38  34.844759 -17.006574 22.317
 11    60.041 52605.82720561 31.75  34.843989 -17.003274 22.317
 11    60.063 52605.82720626 32.95  34.843219 -16.999984 22.317
 12    59.911 52640.82719341 37.86  34.846628 -17.014111 15.632
 12    60.724 52640.82719406 38.03  34.845858 -17.010821 15.632
 12    60.078 52640.82719470 30.62  34.845088 -17.007521 15.632
 12    60.205 52640.82719534 29.29  34.844318 -17.004221 15.632
 12    60.386 52640.82719599 30.38  34.843548 -17.000931 15.632
 13    60.540 52675.82718431 46.32  34.847195 -17.014776 23.176
 13    60.423 52675.82718495 44.69  34.846425 -17.011476 23.176
 13    60.605 52675.82718560 42.85  34.845655 -17.008186 23.176
 13    60.728 52675.82718624 38.68  34.844885 -17.004886 23.176
 13    60.842 52675.82718689 36.66  34.844115 -17.001586 23.176
 14    60.737 52710.82720898 46.33  34.846178 -17.011820 28.723
 14    60.876 52710.82720962 44.86  34.845408 -17.008520 28.723
 14    60.982 52710.82721027 47.70  34.844638 -17.005220 28.723
 14    61.077 52710.82721091 46.29  34.843868 -17.001930 28.723
 15    60.529 52745.82723881 43.53  34.834906 -16.999970 31.788
 15    60.635 52745.82723945 42.95  34.834136 -16.996680 31.788
 15    60.722 52745.82724010 44.35  34.833366 -16.993380 31.788
 16    59.135 52780.82717356 40.07  34.847218 -17.014475 28.373
 16    59.397 52780.82717421 36.78  34.846448 -17.011175 28.373
 16    59.592 52780.82717485 32.88  34.845678 -17.007885 28.373
 16    59.384 52780.82717550 30.67  34.844908 -17.004585 28.373
 16    59.589 52780.82717614 30.27  34.844138 -17.001295 28.373
 17    59.491 52815.82725552 43.45  34.845313 -17.011893 31.745
 17    59.520 52815.82725616 47.42  34.844543 -17.008593 31.745
 17    59.748 52815.82725681 47.13  34.843773 -17.005293 31.745
 17    59.876 52815.82725745 48.19  34.843003 -17.002003 31.745
 18    59.768 52850.82730612 40.03  34.849029 -17.016898 18.624
 18    60.335 52850.82730677 39.90  34.848259 -17.013598 18.624
 18    59.968 52850.82730741 38.84  34.847489 -17.010308 18.624
 18    60.342 52850.82730806 35.04  34.846719 -17.007008 18.624
 18    59.970 52850.82730870 28.05  34.845949 -17.003708 18.624
 19    59.741 52885.82734337 45.20  34.840844 -17.004456 32.445
 19    59.890 52885.82734401 46.06  34.840074 -17.001166 32.445
 20    59.531 52920.82729745 32.74  34.845517 -17.012376 22.612
 20    59.868 52920.82729810 24.12  34.844747 -17.009086 22.612
 20    59.524 52920.82729874 23.59  34.843977 -17.005786 22.612
 20    59.668 52920.82729938 25.83  34.843207 -17.002486 22.612
 21    58.977 52955.82726041 36.62  34.854950 -17.017883 26.551
 21    58.989 52955.82726106 31.39  34.854170 -17.014583 26.551
 21    59.338 52955.82726170 24.38  34.853400 -17.011283 26.551
 21    59.575 52955.82726234 23.54  34.852630 -17.007993 26.551
 22    59.165 52990.82727543 41.36  34.854889 -17.017944 21.088
 22    59.618 52990.82727608 38.27  34.854119 -17.014644 21.088
 22    59.862 52990.82727672 41.77  34.853349 -17.011354 21.088
 22    59.899 52990.82727737 38.08  34.852579 -17.008054 21.088
 23    59.311 53025.82724421 41.61  34.855541 -17.017390 18.971
 23    59.830 53025.82724485 37.69  34.854761 -17.014100 18.971
 23    60.029 53025.82724550 38.70  34.853991 -17.010800 18.971
 23    60.064 53025.82724614 38.50  34.853221 -17.007500 18.971
 25    61.028 53095.82728686 41.22  34.835820 -16.999330 28.934
 25    61.076 53095.82728751 42.51  34.835040 -16.996030 28.934
 25    61.258 53095.82728815 41.17  34.834270 -16.992740 28.934
 26    59.443 53130.82725564 41.05  34.856018 -17.017631 18.461
 26    59.999 53130.82725629 36.36  34.855238 -17.014331 18.461
 26    60.102 53130.82725693 36.94  34.854468 -17.011031 18.461
 26    60.079 53130.82725758 38.81  34.853698 -17.007741 18.461
 28    59.891 53200.82733055 42.13  34.847164 -17.016264 22.499
 28    59.927 53200.82733120 44.47  34.846394 -17.012974 22.499
 28    60.189 53200.82733184 42.47  34.845624 -17.009674 22.499
 28    60.376 53200.82733248 40.46  34.844854 -17.006374 22.499
 28    60.340 53200.82733313 38.70  34.844084 -17.003084 22.499
 29    59.243 53235.82729904 36.81  34.855112 -17.018939 17.971
 29    59.126 53235.82729968 35.47  34.854342 -17.015639 17.971
 29    59.048 53235.82730033 30.32  34.853572 -17.012339 17.971
 29    59.555 53235.82730097 23.12  34.852802 -17.009049 17.971
 29    59.331 53235.82730162 23.64  34.852032 -17.005749 17.971
 30    59.528 53270.82726069 41.53  34.851095 -17.016853 26.099
 30    59.693 53270.82726133 40.29  34.850325 -17.013563 26.099
 30    59.748 53270.82726198 41.27  34.849545 -17.010263 26.099
 30    59.795 53270.82726262 40.02  34.848775 -17.006973 26.099
 30    59.852 53270.82726327 35.83  34.848005 -17.003673 26.099
 31    60.342 53305.82732653 35.39  34.839037 -17.004117 28.354
 31    60.421 53305.82732718 39.34  34.838267 -17.000827 28.354
 32    60.215 53340.82729269 37.75  34.845198 -17.012268 27.346
 32    60.281 53340.82729333 32.22  34.844428 -17.008978 27.346
 32    60.101 53340.82729398 33.23  34.843658 -17.005678 27.346
 32    60.312 53340.82729462 37.22  34.842888 -17.002378 27.346
 33    60.708 53375.82722119 43.24  34.849410 -17.017551 31.006
 33    60.834 53375.82722183 47.29  34.848640 -17.014251 31.006
 33    60.948 53375.82722247 47.41  34.847870 -17.010951 31.006
 33    61.055 53375.82722312 46.49  34.847100 -17.007661 31.006
 33    61.143 53375.82722376 44.80  34.846330 -17.004361 31.006
 34    59.943 53410.82726676 41.87  34.850947 -17.015096 28.035
 34    60.015 53410.82726740 44.44  34.850177 -17.011796 28.035
 34    60.270 53410.82726805 45.40  34.849407 -17.008506 28.035
 34    60.442 53410.82726869 46.51  34.848637 -17.005206 28.035
 35    59.681 53445.82724967 32.31  34.844831 -17.011512 20.427
 35    59.515 53445.82725031 30.84  34.844061 -17.008222 20.427
 35    59.676 53445.82725096 30.52  34.843291 -17.004922 20.427
 35    59.916 53445.82725160 32.03  34.842521 -17.001622 20.427
 36    59.947 53480.82733478 38.84  34.839409 -17.005055 31.810
 36    60.006 53480.82733543 42.78  34.838639 -17.001765 31.810
 36    60.306 53480.82733607 45.36  34.837859 -16.998465 31.810
 37    59.736 53515.82733753 40.28  34.847545 -17.016822 20.829
 37    59.821 53515.82733817 38.08  34.846775 -17.013522 20.829
 37    59.974 53515.82733882 37.77  34.846005 -17.010232 20.829
 37    59.906 53515.82733946 35.83  34.845235 -17.006932 20.829
 37    60.153 53515.82734011 35.40  34.844465 -17.003632 20.829
 37    60.336 53515.82734075 34.30  34.843695 -17.000342 20.829
 38    60.187 53550.82736029 43.02  34.838087 -17.003051 32.879
 38    60.334 53550.82736094 44.70  34.837307 -16.999751 32.879
 39    59.673 53585.82731496 45.79  34.849668 -17.017466 20.908
 39    59.703 53585.82731560 47.46  34.848898 -17.014166 20.908
 39    59.945 53585.82731624 44.35  34.848128 -17.010866 20.908
 39    60.077 53585.82731689 47.10  34.847358 -17.007576 20.908
 39    60.251 53585.82731753 43.65  34.846588 -17.004276 20.908
 40    60.140 53620.82727737 27.02  34.840830 -17.005269 16.260
 40    60.408 53620.82727801 27.92  34.840060 -17.001969 16.260
 41    59.956 53655.82730459 42.30  34.846084 -17.011758 29.807
 41    60.057 53655.82730523 47.49  34.845314 -17.008458 29.807
 41    60.151 53655.82730588 48.87  34.844544 -17.005158 29.807
 41    60.279 53655.82730652 46.63  34.843774 -17.001868 29.807
 42    60.248 53690.82729604 45.96  34.842466 -17.005673 31.639
 42    60.428 53690.82729669 49.03  34.841696 -17.002373 31.639
 43    59.870 53725.82721829 45.93  34.847608 -17.014187 26.662
 43    60.026 53725.82721894 46.76  34.846838 -17.010887 26.662
 43    60.217 53725.82721958 48.46  34.846068 -17.007597 26.662
 43    60.248 53725.82722023 50.07  34.845298 -17.004297 26.662
 43    60.394 53725.82722087 48.24  34.844528 -17.000997 26.662
 44    60.441 53760.82716514 45.88  34.857419 -17.019252 26.102
 44    60.734 53760.82716578 44.29  34.856639 -17.015952 26.102
 44    60.946 53760.82716643 47.56  34.855869 -17.012652 26.102
 44    60.935 53760.82716707 39.49  34.855099 -17.009362 26.102
 45    59.903 53795.82718172 46.91  34.850128 -17.015434 26.898
 45    60.067 53795.82718236 48.23  34.849358 -17.012134 26.898
 45    60.203 53795.82718300 49.56  34.848588 -17.008844 26.898
 45    60.295 53795.82718365 49.83  34.847818 -17.005544 26.898
 45    60.403 53795.82718429 47.53  34.847048 -17.002244 26.898
 46    60.199 53830.82716315 43.54  34.853270 -17.018526 27.711
 46    60.356 53830.82716380 43.47  34.852490 -17.015226 27.711
 46    60.505 53830.82716444 46.49  34.851720 -17.011936 27.711
 46    60.570 53830.82716509 46.02  34.850950 -17.008636 27.711
 46    60.707 53830.82716573 47.57  34.850180 -17.005336 27.711
 47    60.218 53865.82723999 45.29  34.844485 -17.009584 25.367
 47    60.286 53865.82724064 44.54  34.843715 -17.006294 25.367
 47    60.323 53865.82724128 44.73  34.842945 -17.002994 25.367
 47    60.601 53865.82724193 43.66  34.842175 -16.999694 25.367
 48    60.103 53900.82726749 45.17  34.845851 -17.011074 29.141
 48    60.287 53900.82726814 44.27  34.845081 -17.007774 29.141
 48    60.342 53900.82726878 46.46  34.844311 -17.004474 29.141
 48    60.465 53900.82726943 44.66  34.843541 -17.001184 29.141
 49    60.759 53935.82731143 43.50  34.833107 -16.998103 28.322
 49    60.841 53935.82731207 42.45  34.832327 -16.994803 28.322
 49    60.920 53935.82731272 42.44  34.831557 -16.991513 28.322
 50    60.548 53970.82727715 33.59  34.839602 -17.005257 23.904
 50    60.676 53970.82727780 34.90  34.838832 -17.001957 23.904
 50    60.831 53970.82727844 32.87  34.838062 -16.998657 23.904
 51    60.080 54005.82725398 29.15  34.852023 -17.016342 16.099
 51    60.178 54005.82725463 24.86  34.851253 -17.013042 16.099
 51    60.347 54005.82725527 25.04  34.850473 -17.009742 16.099
 51    60.458 54005.82725592 24.55  34.849703 -17.006452 16.099
 52    59.856 54040.82728244 32.55  34.853010 -17.018564 13.888
 52    59.887 54040.82728308 29.34  34.852240 -17.015274 13.888
 52    59.904 54040.82728373 27.58  34.851460 -17.011974 13.888
 52    59.995 54040.82728437 26.46  34.850690 -17.008674 13.888
 52    60.376 54040.82728502 27.32  34.849920 -17.005384 13.888
 53    60.242 54075.82727668 29.46  34.848115 -17.017346 12.891
 53    60.368 54075.82727732 28.67  34.847335 -17.014056 12.891
 53    60.471 54075.82727797 29.64  34.846565 -17.010756 12.891
 53    60.492 54075.82727861 27.63  34.845795 -17.007456 12.891
 53    60.601 54075.82727926 31.76  34.845025 -17.004166 12.891
 53    60.795 54075.82727990 29.04  34.844255 -17.000866 12.891
 54    61.549 54110.82722200 46.57  34.841565 -17.003244 28.076
 54    61.634 54110.82722265 45.88  34.840795 -16.999944 28.076
 55    62.460 54145.82721751 42.69  34.848447 -17.016636 32.211
 55    62.519 54145.82721815 43.08  34.847667 -17.013336 32.211
 55    62.603 54145.82721880 39.94  34.846897 -17.010036 32.211
 55    62.687 54145.82721944 39.49  34.846127 -17.006746 32.211
 55    62.949 54145.82722009 39.32  34.845357 -17.003446 32.211
 56    60.268 54180.82720744 45.20  34.843416 -17.007789 30.480
 56    60.431 54180.82720809 46.65  34.842646 -17.004499 30.480
 56    60.543 54180.82720873 47.19  34.841876 -17.001199 30.480
 58    59.837 54250.82725249 44.97  34.847277 -17.017176 29.247
 58    60.093 54250.82725313 42.50  34.846507 -17.013876 29.247
 58    60.116 54250.82725377 44.82  34.845737 -17.010586 29.247
 58    60.285 54250.82725442 47.50  34.844967 -17.007286 29.247
 58    60.471 54250.82725506 46.88  34.844197 -17.003986 29.247
 58    60.550 54250.82725571 46.40  34.843427 -17.000696 29.247
 59    59.863 54285.82725927 43.38  34.848309 -17.014883 23.099
 59    60.116 54285.82725991 44.85  34.847539 -17.011583 23.099
 59    60.291 54285.82726056 46.87  34.846769 -17.008293 23.099
 59    60.573 54285.82726120 43.06  34.845999 -17.004993 23.099
 59    60.442 54285.82726185 43.71  34.845229 -17.001693 23.099
 60    60.583 54320.82725570 34.61  34.849054 -17.015821 16.670
 60    60.029 54320.82725634 33.49  34.848274 -17.012521 16.670
 60    60.189 54320.82725699 34.95  34.847504 -17.009221 16.670
 60    60.297 54320.82725763 34.36  34.846734 -17.005931 16.670
 60    60.524 54320.82725828 34.14  34.845964 -17.002631 16.670
 61    61.164 54355.82721794 29.00  34.846163 -17.011614 15.589
 61    60.555 54355.82721858 25.69  34.845393 -17.008314 15.589
 61    60.709 54355.82721923 30.05  34.844623 -17.005024 15.589
 61    60.756 54355.82721987 28.90  34.843853 -17.001724 15.589
 62    60.160 54390.82719662 42.86  34.848368 -17.014344 22.393
 62    60.231 54390.82719726 39.85  34.847598 -17.011044 22.393
 62    60.364 54390.82719791 38.40  34.846828 -17.007754 22.393
 62    60.417 54390.82719855 40.52  34.846058 -17.004454 22.393
 62    60.416 54390.82719920 40.87  34.845288 -17.001154 22.393
 63    60.314 54425.82716676 45.66  34.847837 -17.016445 26.712
 63    60.409 54425.82716740 45.83  34.847067 -17.013145 26.712
 63    60.411 54425.82716805 45.13  34.846297 -17.009845 26.712
 63    60.645 54425.82716869 46.90  34.845527 -17.006555 26.712
 63    60.754 54425.82716934 48.09  34.844757 -17.003255 26.712
 64    61.770 54460.82717248 46.43  34.850174 -17.017662 35.507
 64    61.845 54460.82717312 46.68  34.849394 -17.014362 35.507
 64    62.027 54460.82717377 47.20  34.848624 -17.011062 35.507
 64    62.159 54460.82717441 48.45  34.847854 -17.007772 35.507
 64    62.269 54460.82717506 47.98  34.847084 -17.004472 35.507
 65    62.979 54495.82717346 41.74  34.847947 -17.014867 25.916
 65    63.247 54495.82717410 42.52  34.847177 -17.011577 25.916
 65    63.306 54495.82717475 44.32  34.846407 -17.008277 25.916
 65    63.357 54495.82717539 43.14  34.845637 -17.004977 25.916
 65    63.548 54495.82717604 42.06  34.844857 -17.001687 25.916
 66    60.197 54530.82718565 37.83  34.850484 -17.015614 26.868
 66    60.346 54530.82718629 39.77  34.849714 -17.012314 26.868
 66    60.388 54530.82718694 38.23  34.848944 -17.009024 26.868
 66    60.400 54530.82718758 35.54  34.848174 -17.005724 26.868
 66    60.591 54530.82718823 33.29  34.847404 -17.002434 26.868
 67    59.761 54565.82718030 21.59  34.845086 -17.010788 20.122
 67    59.966 54565.82718094 21.67  34.844316 -17.007498 20.122
 67    59.947 54565.82718159 22.18  34.843536 -17.004198 20.122
 67    60.137 54565.82718223 22.62  34.842766 -17.000908 20.122
 68    59.984 54600.82718212 33.26  34.847277 -17.014169 21.549
 68    60.071 54600.82718276 34.71  34.846507 -17.010879 21.549
 68    60.251 54600.82718341 32.09  34.845737 -17.007579 21.549
 68    60.299 54600.82718405 35.46  34.844967 -17.004289 21.549
 68    60.471 54600.82718470 35.17  34.844195 -17.000983 14.981
 69    60.301 54635.82719463 39.10  34.845019 -17.010164 20.240
 69    60.507 54635.82719527 38.12  34.844249 -17.006864 20.240
 69    60.574 54635.82719592 40.78  34.843479 -17.003574 20.240
 69    60.661 54635.82719656 41.11  34.842709 -17.000268 16.637
 70    60.176 54670.82719813 33.72  34.845473 -17.012268 18.966
 70    60.412 54670.82719877 30.64  34.844703 -17.008968 18.966
 70    60.515 54670.82719942 32.49  34.843933 -17.005668 18.966
 70    60.621 54670.82720006 34.29  34.843163 -17.002378 18.966
 71    60.113 54705.82715943 39.77  34.847809 -17.014218 24.599
 71    60.147 54705.82716008 39.58  34.847029 -17.010918 24.599
 71    60.311 54705.82716072 39.17  34.846259 -17.007628 24.599
 71    60.445 54705.82716137 42.32  34.845489 -17.004328 24.599
 71    60.554 54705.82716201 38.58  34.844719 -17.001038 24.599
 72    60.295 54740.82716123 39.57  34.848953 -17.016991 23.505
 72    60.278 54740.82716187 40.44  34.848173 -17.013691 23.505
 72    60.755 54740.82716251 40.06  34.847403 -17.010401 23.505
 72    60.487 54740.82716316 43.95  34.846633 -17.007101 23.505
 72    60.600 54740.82716380 41.37  34.845863 -17.003811 23.505
 73    59.851 54775.82713944 43.06  34.848954 -17.017166 30.330
 73    59.844 54775.82714008 51.70  34.848184 -17.013866 30.330
 73    60.096 54775.82714072 47.74  34.847404 -17.010566 30.330
 73    60.248 54775.82714137 50.75  34.846634 -17.007276 30.330
 73    60.384 54775.82714201 47.32  34.845864 -17.003976 30.330
 74    60.941 54810.82715441 47.51  34.849079 -17.015256 27.869
 74    61.109 54810.82715505 46.65  34.848309 -17.011956 27.869
 74    61.186 54810.82715570 47.66  34.847539 -17.008666 27.869
 74    61.365 54810.82715634 47.03  34.846769 -17.005366 27.869
 74    61.388 54810.82715699 49.31  34.845999 -17.002076 27.869
 75    61.032 54845.82714038 45.92  34.846197 -17.012635 31.294
 75    61.132 54845.82714102 46.45  34.845427 -17.009345 31.294
 75    61.173 54845.82714167 46.81  34.844647 -17.006045 31.294
 75    61.300 54845.82714231 49.22  34.843877 -17.002755 31.294
 76    60.586 54880.82715874 45.30  34.846088 -17.011299 28.075
 76    60.563 54880.82715938 45.02  34.845318 -17.007999 28.075
 76    60.709 54880.82716002 44.88  34.844548 -17.004709 28.075
 76    60.811 54880.82716067 47.08  34.843776 -17.001403 20.633
 77    61.878 54915.82714486 42.69  34.841600 -17.003982 22.019
 77    61.992 54915.82714550 43.36  34.840830 -17.000692 22.019
 78    60.240 54950.82715169 29.15  34.846165 -17.013480 18.086
 78    60.475 54950.82715233 29.29  34.845395 -17.010190 18.086
 78    60.596 54950.82715298 29.93  34.844625 -17.006890 18.086
 78    60.635 54950.82715362 30.89  34.843855 -17.003600 18.086
 78    60.802 54950.82715427 32.13  34.843083 -17.000296 12.159
 79    60.391 54985.82717776 44.91  34.843757 -17.007976 20.149
 79    60.512 54985.82717841 47.75  34.842987 -17.004676 20.149
 79    60.562 54985.82717905 46.02  34.842215 -17.001380 21.161
 80    60.082 55020.82716924 41.82  34.848755 -17.014657 26.508
 80    60.065 55020.82716988 39.14  34.847975 -17.011357 26.508
 80    60.146 55020.82717053 39.36  34.847205 -17.008067 26.508
 80    60.139 55020.82717117 39.04  34.846435 -17.004767 26.508
 80    60.329 55020.82717182 38.49  34.845665 -17.001477 26.508
 81    60.033 55055.82716640 45.66  34.847863 -17.014864 28.851
 81    60.133 55055.82716705 46.09  34.847083 -17.011564 28.851
 81    60.082 55055.82716769 46.20  34.846313 -17.008274 28.851
 81    60.277 55055.82716834 47.48  34.845543 -17.004974 28.851
 81    60.330 55055.82716898 46.48  34.844773 -17.001684 28.851
 82    60.518 55090.82712585 37.45  34.844430 -17.010692 19.234
 82    60.449 55090.82712650 35.88  34.843650 -17.007402 19.234
 82    60.464 55090.82712714 35.85  34.842880 -17.004102 19.234
 82    60.773 55090.82712779 36.51  34.842110 -17.000812 19.234
 83    60.296 55125.82710442 36.87  34.848992 -17.016173 22.579
 83    60.364 55125.82710506 31.43  34.848212 -17.012873 22.579
 83    60.410 55125.82710571 28.93  34.847442 -17.009583 22.579
 83    60.387 55125.82710635 31.31  34.846672 -17.006283 22.579
 83    60.620 55125.82710700 36.44  34.845902 -17.002993 22.579
 84    59.654 55160.82708640 23.90  34.845251 -17.010501 15.788
 84    60.049 55160.82708705 24.14  34.844481 -17.007211 15.788
 84    60.241 55160.82708769 32.88  34.843711 -17.003911 15.788
 84    60.573 55160.82708834 35.70  34.842941 -17.000621 15.788
 85    59.879 55195.82709513 45.39  34.848944 -17.016917 26.716
 85    59.832 55195.82709577 45.93  34.848164 -17.013617 26.716
 85    60.129 55195.82709642 42.80  34.847394 -17.010327 26.716
 85    60.253 55195.82709706 45.45  34.846624 -17.007027 26.716
 85    60.425 55195.82709771 46.14  34.845854 -17.003737 26.716
 86    60.423 55230.82708998 43.85  34.843991 -17.009261 24.396
 86    60.390 55230.82709062 44.17  34.843221 -17.005961 24.396
 86    60.515 55230.82709127 46.75  34.842451 -17.002661 24.396
 86    60.594 55230.82709191 47.33  34.841686 -16.999373 21.146
 87    61.710 55265.82708987 47.53  34.848598 -17.015101 36.761
 87    61.763 55265.82709052 44.55  34.847818 -17.011801 36.761
 87    61.861 55265.82709116 44.67  34.847048 -17.008511 36.761
 87    61.983 55265.82709181 47.03  34.846278 -17.005211 36.761
 87    62.104 55265.82709245 44.67  34.845508 -17.001921 36.761
 88    61.088 55300.82707021 47.31  34.847370 -17.016813 28.974
 88    61.255 55300.82707086 46.73  34.846600 -17.013513 28.974
 88    61.304 55300.82707150 45.98  34.845830 -17.010213 28.974
 88    61.332 55300.82707215 46.14  34.845050 -17.006923 28.974
 88    61.492 55300.82707279 46.92  34.844280 -17.003623 28.974
 88    61.566 55300.82707344 47.01  34.843510 -17.000333 28.974
 89    61.283 55335.82706777 42.22  34.845401 -17.010542 22.208
 89    61.323 55335.82706841 41.64  34.844631 -17.007242 22.208
 89    61.330 55335.82706906 40.77  34.843861 -17.003952 22.208
 89    61.466 55335.82706970 44.44  34.843092 -17.000646 16.931
 90    61.359 55370.82705662 42.21  34.848237 -17.015323 22.937
 90    61.335 55370.82705727 38.81  34.847457 -17.012023 22.937
 90    61.472 55370.82705791 39.21  34.846687 -17.008733 22.937
 90    61.579 55370.82705856 38.21  34.845917 -17.005433 22.937
 90    61.723 55370.82705920 37.22  34.845147 -17.002143 22.937
 91    59.891 55405.82707530 42.25  34.849538 -17.014678 27.877
 91    59.984 55405.82707595 44.90  34.848768 -17.011378 27.877
 91    60.013 55405.82707659 41.59  34.847998 -17.008088 27.877
 91    60.021 55405.82707724 39.94  34.847228 -17.004788 27.877
 92    59.727 55440.82707566 41.53  34.848068 -17.015782 26.607
 92    59.859 55440.82707631 43.35  34.847288 -17.012482 26.607
 92    59.989 55440.82707695 43.20  34.846518 -17.009192 26.607
 92    60.009 55440.82707760 46.07  34.845748 -17.005892 26.607
 92    60.098 55440.82707824 43.60  34.844978 -17.002592 26.607
 93    59.888 55475.82701986 21.93  34.846291 -17.011463 17.555
 93    59.761 55475.82702051 20.66  34.845511 -17.008173 17.555
 93    59.967 55475.82702115 25.01  34.844741 -17.004873 17.555
 93    60.227 55475.82702179 31.70  34.843971 -17.001583 17.555
