#   81.035  -5.944   8.986 ;Mean Elev.(m), Avg Gradient(m/km), RMS Gradient(m/km) - SRTM1     
#   94.480  -5.749   8.464 ;Mean Elev.(m), Avg Gradient(m/km), RMS Gradient(m/km) - ASTER GDEM
#   81.218  -5.335   9.090 ;Mean Elev.(m), Avg Gradient(m/km), RMS Gradient(m/km) - GMTED2010 
  7  34.478955 -16.745495    81.821    81.821  2 52468.31380443 10.263
  8  34.480693 -16.740017   102.203   101.743  3 52503.31379214 12.905
  9  34.480269 -16.739463   105.883   105.883  2 52538.31377660 10.401
 10  34.478421 -16.738570   111.651   111.730  3 52573.31381715  7.159
 11  34.482262 -16.746690   101.324   109.858  3 52608.31377698 17.638
 12  34.479687 -16.738664   109.684   111.157  3 52643.31377087 15.873
 13  34.483427 -16.750788    87.982    80.943  3 52678.31375556 35.168
 16  34.477514 -16.740192    94.812   101.704  3 52783.31375818 30.527
 17  34.477615 -16.738612   101.831   101.679  3 52818.31383564 15.379
 18  34.481002 -16.744178    94.558   101.916  3 52853.31388623 34.195
 20  34.480988 -16.745566    94.983   102.391  3 52923.31387475 34.435
 21  34.483570 -16.750804    87.244    80.395  3 52958.31384189 32.486
 22  34.482087 -16.746484    95.133   102.239  3 52993.31386750 33.128
 23  34.484235 -16.752898    86.813    80.252  4 53028.31383337 25.228
 24  34.484125 -16.751877    87.493    80.911  4 53063.31384153 35.073
 25  34.478161 -16.737245   106.097   102.949  3 53098.31385534 11.682
 26  34.485012 -16.755777    80.551    80.315  3 53133.31383987 34.684
 28  34.479842 -16.740784   102.375   102.259  3 53203.31391205 14.594
 29  34.485832 -16.753110    88.277    79.800  3 53238.31388265 28.668
 30  34.481350 -16.740952   102.335   102.335  2 53273.31384053 13.863
 31  34.476572 -16.736657   102.495   102.495  2 53308.31389872 13.514
 33  34.481339 -16.748320    88.125    81.865  3 53378.31380829 38.947
 34  34.483390 -16.751441    83.149    83.217  4 53413.31384415 36.342
 35  34.479270 -16.741040    95.574   101.919  3 53448.31383026 27.581
 36  34.474080 -16.737751    94.852   100.860  3 53483.31391477 32.789
 37  34.481531 -16.747037    91.175    91.175  2 53518.31391579 38.716
 38  34.475933 -16.736535   102.202   102.092  3 53553.31393614 16.258
 39  34.484496 -16.752251    86.504    80.327  4 53588.31388843 35.715
 40  34.474101 -16.735423   108.623   110.746  3 53623.31385729 10.270
 41  34.478548 -16.740228   111.159   110.911  3 53658.31388563  7.574
 42  34.480817 -16.741322   105.796   105.796  2 53693.31386677 12.486
 43  34.483899 -16.751668    86.852    80.940  4 53728.31379181 35.671
 44  34.484385 -16.753157    81.261    81.323  4 53763.31375079 37.067
 45  34.483993 -16.752761    81.241    81.037  4 53798.31376008 33.156
 47  34.478689 -16.741682    84.321    84.021  4 53868.31381784 35.316
 48  34.479568 -16.742011    97.728   103.084  4 53903.31384965 27.647
 49  34.472512 -16.734650   102.940   103.104  3 53938.31388460 16.041
 50  34.479475 -16.740054   102.413   102.413  2 53973.31384791 14.415
 51  34.480886 -16.743294    95.437   101.847  3 54008.31383751 31.410
 52  34.483651 -16.749650    88.432    81.360  3 54043.31386168 36.850
 53  34.481088 -16.746787    91.849    91.849  2 54078.31385478 37.202
 54  34.481679 -16.748628    87.971    81.946  3 54113.31379265 43.400
 56  34.481674 -16.748195    82.812    83.083  4 54183.31378196 37.704
 57  34.478919 -16.743791    81.566    81.566  2 54218.31380694 39.805
 58  34.480251 -16.743117    91.206    91.206  2 54253.31383204 28.299
 59  34.482544 -16.745742    91.769    91.769  2 54288.31383703 35.689
 60  34.482214 -16.746043    92.013    92.013  2 54323.31383414 38.646
 61  34.483084 -16.748870    90.152    81.389  3 54358.31379143 27.238
 62  34.481535 -16.744093    99.123   107.682  3 54393.31377435 31.073
 63  34.481993 -16.749681    87.059    80.977  3 54428.31374210 40.002
 64  34.481273 -16.744061   100.126   106.630  3 54463.31375274 34.409
 65  34.482083 -16.748415    83.895    84.122  3 54498.31375128 39.834
 66  34.481810 -16.746873    83.323    83.181  5 54533.31376692 35.969
 67  34.482373 -16.749715    80.620    80.598  3 54568.31375521 38.127
 68  34.480795 -16.742331    91.987    91.987  2 54603.31376089 30.638
 69  34.480672 -16.742408    95.682   102.608  3 54638.31377205 33.941
 70  34.481275 -16.739985   102.564   102.564  2 54673.31377413 14.795
 71  34.483260 -16.749063    88.301    81.303  3 54708.31373440 37.415
 72  34.481249 -16.740907   102.469   102.469  2 54743.31374071 14.816
 73  34.482586 -16.746798    92.261    92.261  2 54778.31371679 35.594
 74  34.481241 -16.740164   103.167   103.167  2 54813.31373340 13.656
 75  34.481479 -16.747750    90.719    82.067  3 54848.31371657 38.042
 76  34.479660 -16.742664    88.990    81.994  3 54883.31373801 39.683
 77  34.480067 -16.747764    81.927    81.892  3 54918.31371863 39.600
 78  34.479923 -16.742879    92.119    92.119  2 54953.31373140 33.479
 79  34.478765 -16.741010    95.111   101.507  3 54988.31375585 32.102
 80  34.482639 -16.745882    94.998   101.681  3 55023.31374859 36.118
 81  34.481917 -16.744689   102.283   112.492  3 55058.31374339 19.490
 82  34.481488 -16.748430    87.939    80.913  3 55093.31369934 35.018
 83  34.480577 -16.744956    91.981    92.100  4 55128.31368485 34.691
 84  34.481311 -16.747613    88.213    81.152  3 55163.31366050 36.609
 85  34.480994 -16.738790   102.880   102.880  2 55198.31367471 14.258
 86  34.481663 -16.744277    95.590   102.597  3 55233.31366487 32.747
 87  34.480732 -16.745879    90.019    83.177  3 55268.31367055 36.601
 88  34.482726 -16.752490    82.026    82.014  3 55303.31364516 39.793
 89  34.480686 -16.746692    88.354    81.653  3 55338.31364422 40.475
 90  34.482321 -16.744783    97.490   103.621  3 55373.31363465 33.722
 91  34.481859 -16.746028    94.958   101.593  3 55408.31365519 32.350
 92  34.481645 -16.746773    94.155    92.930  4 55443.31365289 29.927
 93  34.483637 -16.748572    91.551    91.551  2 55478.31359239 32.966
