#   12.614   0.234   0.747 ;Mean Elev.(m), Avg Gradient(m/km), RMS Gradient(m/km) - SRTM1     
#   22.882   0.361   1.644 ;Mean Elev.(m), Avg Gradient(m/km), RMS Gradient(m/km) - ASTER GDEM
#   12.990   0.234   0.906 ;Mean Elev.(m), Avg Gradient(m/km), RMS Gradient(m/km) - GMTED2010 
  9  35.832391 -18.141161    10.873    10.861  7 52516.82496908 47.322
 11  35.835284 -18.137712    10.683    10.840  3 52586.82499316 41.477
 12  35.829522 -18.146482    10.178    10.178  2 52621.82496264 33.148
 13  35.834469 -18.138049    12.238    12.374  3 52656.82496828 44.304
 15  35.832058 -18.138005    12.107    12.153  6 52726.82499651 46.942
 17  35.837867 -18.135509    11.149    11.228  3 52796.82497228 44.213
 18  35.837800 -18.135777    11.410    11.503  3 52831.82504265 42.514
 19  35.840424 -18.143549    11.139    11.030  3 52866.82508423 46.068
 20  35.829298 -18.142768    10.683    10.734  4 52901.82510870 35.433
 22  35.830517 -18.142265    11.320    11.247  6 52971.82507592 38.237
 24  35.830088 -18.142172    12.526    12.561  6 53041.82504188 41.258
 28  35.834378 -18.136617    11.507    11.647  4 53181.82509421 48.285
 29  35.829733 -18.143199    11.351    11.348  5 53216.82511623 39.367
 32  35.838011 -18.135694    11.432    11.485  3 53321.82506740 43.231
 33  35.834307 -18.136673    12.260    12.355  4 53356.82503504 49.369
 34  35.831319 -18.141070    12.789    12.773  7 53391.82504813 44.797
 35  35.833059 -18.135740    11.415    11.560  5 53426.82504477 49.480
 36  35.835750 -18.138014    11.136    11.168  3 53461.82505778 44.846
 38  35.834543 -18.141354    10.855    10.914  4 53531.82511338 47.877
 40  35.831450 -18.141876    10.992    11.000  7 53601.82508043 45.921
 41  35.829300 -18.143864    10.920    10.944  3 53636.82507778 29.463
 43  35.835539 -18.138428    11.285    11.373  3 53706.82503126 44.148
 44  35.831869 -18.140959    12.197    12.186  7 53741.82494327 48.130
 45  35.836636 -18.140689    12.266    12.320  4 53776.82496737 43.725
 46  35.831406 -18.141168    14.092    14.091  6 53811.82494564 50.095
 47  35.829475 -18.142263    12.249    12.312  4 53846.82499641 41.983
 52  35.832325 -18.137952    11.984    12.048  6 54021.82506346 48.488
 53  35.838048 -18.136006    12.154    12.287  3 54056.82505518 43.245
 54  35.830276 -18.140711    11.776    11.743  6 54091.82503803 40.565
 55  35.833131 -18.136238    13.417    13.543  5 54126.82497206 47.641
 56  35.829848 -18.142373    13.530    13.569  5 54161.82500663 46.084
 57  35.832215 -18.137980    12.157    12.211  6 54196.82497349 46.717
 58  35.832095 -18.141584    11.552    11.533  7 54231.82501973 46.225
 59  35.831981 -18.141308    11.597    11.600  6 54266.82503817 47.033
 60  35.832622 -18.142220    11.464    11.440  7 54301.82504205 47.693
 61  35.831423 -18.142686    11.693    11.728  6 54336.82502896 46.579
 62  35.833673 -18.142080    11.693    11.726  4 54371.82497458 46.582
 63  35.830323 -18.141773    11.819    11.866  6 54406.82497403 42.357
 64  35.834160 -18.138757    11.701    11.818  3 54441.82493405 44.935
 65  35.832116 -18.138700    14.650    14.650  6 54476.82496288 48.811
 66  35.833090 -18.136407    14.585    14.682  5 54511.82495014 46.950
 67  35.830993 -18.141505    12.305    12.296  7 54546.82497625 46.108
 68  35.832243 -18.137960    11.915    11.991  5 54581.82494591 47.689
 69  35.832305 -18.141130    11.943    11.945  7 54616.82496669 48.558
 70  35.830092 -18.142520    11.952    11.958  6 54651.82497872 45.865
 71  35.830131 -18.141363    11.931    11.998  5 54686.82497041 47.621
 72  35.834203 -18.140982    11.626    11.572  4 54721.82492527 28.437
 73  35.830609 -18.141200    11.726    11.724  6 54756.82494547 45.534
 74  35.832584 -18.142012    11.591    11.571  7 54791.82491764 45.169
 75  35.832204 -18.141621    13.496    13.484  7 54826.82494257 42.872
 76  35.832508 -18.136252    13.715    13.771  5 54861.82491323 47.127
 77  35.829442 -18.141098    12.280    12.276  5 54896.82494284 47.405
 78  35.831594 -18.141411    12.696    12.695  6 54931.82490822 35.478
 79  35.831016 -18.141603    11.891    11.902  6 54966.82494432 48.573
 80  35.829364 -18.145610    11.650    11.650  2 55001.82496333 42.413
 81  35.832560 -18.140913    12.054    12.097  6 55036.82494996 33.012
 82  35.830034 -18.141959    11.486    11.465  6 55071.82493779 44.143
 83  35.832207 -18.141418    11.466    11.468  6 55106.82488231 42.392
 84  35.830152 -18.141741    12.052    12.066  5 55141.82488746 48.744
 85  35.834050 -18.138679    11.439    11.434  3 55176.82485240 24.961
 86  35.831100 -18.141375    11.673    11.683  6 55211.82488262 46.875
 87  35.832547 -18.140291    11.861    11.865  6 55246.82485524 45.896
 88  35.830036 -18.142391    13.310    13.333  6 55281.82487561 45.909
 89  35.830096 -18.141873    13.402    13.417  6 55316.82484451 48.884
 90  35.830686 -18.142237    13.271    13.277  6 55351.82484847 45.827
 91  35.831488 -18.141423    13.907    13.892  6 55386.82484367 45.470
 92  35.832171 -18.141546    11.540    11.516  7 55421.82486638 44.744
 93  35.830496 -18.141952    11.451    11.483  5 55456.82484089 46.057
