#   10.718   0.032   0.739 ;Mean Elev.(m), Avg Gradient(m/km), RMS Gradient(m/km) - SRTM1     
#   21.190   0.543   2.259 ;Mean Elev.(m), Avg Gradient(m/km), RMS Gradient(m/km) - ASTER GDEM
#   10.615  -0.016   0.946 ;Mean Elev.(m), Avg Gradient(m/km), RMS Gradient(m/km) - GMTED2010 
  8  35.817169 -18.103108    11.584    11.597  6 52481.82502326 46.922
 10  35.817995 -18.103450    11.727    11.725  6 52551.82502497 34.297
 11  35.829709 -18.114098    11.279    11.279  2 52586.82499778 50.300
 12  35.819538 -18.104191    11.612    11.621  3 52621.82497092 44.393
 13  35.828370 -18.112236    12.775    12.775  2 52656.82497333 36.316
 17  35.833060 -18.115190    11.780    11.780  2 52796.82497626 41.515
 18  35.833000 -18.115458    11.971    11.971  2 52831.82504663 43.416
 19  35.833938 -18.116089    11.814    11.845  3 52866.82508960 41.788
 20  35.821389 -18.109264    11.126    11.144  3 52901.82511525 38.356
 21  35.818310 -18.103821    12.304    12.287  6 52936.82505638 45.586
 23  35.816009 -18.103723    12.776    12.789  4 53006.82509547 44.442
 25  35.817178 -18.104320    13.778    13.775  6 53076.82508198 49.807
 26  35.817960 -18.104338    12.771    12.766  6 53111.82505212 46.056
 27  35.818563 -18.102520    12.613    12.591  5 53146.82509626 45.678
 28  35.828928 -18.113550    12.211    12.211  2 53181.82509873 51.241
 30  35.816278 -18.103461    12.432    12.451  6 53251.82510234 46.241
 31  35.817581 -18.104345    12.347    12.335  6 53286.82509780 46.164
 32  35.833211 -18.115372    11.878    11.878  2 53321.82507137 44.087
 33  35.828860 -18.113605    12.940    12.940  2 53356.82503955 49.258
 37  35.812824 -18.095913    12.240    12.240  2 53496.82514296 46.224
 38  35.827927 -18.113344    11.764    11.764  2 53531.82511886 47.870
 39  35.813220 -18.096439    12.325    12.325  2 53566.82514561 46.240
 41  35.820477 -18.106519    11.916    11.979  3 53636.82508508 42.796
 42  35.816538 -18.102505    12.142    12.142  6 53671.82510664 46.115
 43  35.829449 -18.112615    11.856    11.856  2 53706.82503631 41.977
 45  35.830407 -18.114327    13.147    13.147  2 53776.82497253 38.834
 49  35.812363 -18.095927    12.914    12.914  2 53916.82508864 47.683
 53  35.833253 -18.115684    12.653    12.653  2 54056.82505915 46.936
 64  35.828062 -18.112946    12.357    12.357  2 54441.82493910 48.695
 72  35.827587 -18.112973    12.430    12.430  2 54721.82493075 22.751
 80  35.819633 -18.104419    12.639    12.642  4 55001.82497139 45.503
 85  35.827952 -18.112868    12.263    12.263  2 55176.82485745 32.805
