#  137.874 -17.443  20.380 ;Mean Elev.(m), Avg Gradient(m/km), RMS Gradient(m/km) - SRTM1     
#  143.765 -17.426  19.860 ;Mean Elev.(m), Avg Gradient(m/km), RMS Gradient(m/km) - ASTER GDEM
#  138.611 -17.525  20.543 ;Mean Elev.(m), Avg Gradient(m/km), RMS Gradient(m/km) - GMTED2010 
  7  33.251841 -15.836332   140.999   140.999  2 52471.31762408  3.491
 16  33.251529 -15.834320   142.069   141.962  3 52786.31757905 38.149
 18  33.255148 -15.841506   230.685   230.685  2 52856.31770167  2.445
 19  33.251117 -15.835251   230.444   230.444  2 52891.31773312  4.117
 22  33.252803 -15.836089   206.071   198.023  3 52996.31769351  6.573
 25  33.252649 -15.835616   141.391   141.391  2 53101.31766201 34.467
 27  33.251797 -15.836040   197.535   197.535  2 53171.31771628  9.221
 28  33.253117 -15.836345   141.365   141.365  2 53206.31772972 20.161
 37  33.256069 -15.841641   237.095   237.095  2 53521.31772891  1.142
 39  33.260245 -15.850399   210.709   198.119  3 53591.31769410  5.822
 42  33.255001 -15.838880   223.232   223.232  2 53696.31767402  9.597
 44  33.258304 -15.845270   140.735   140.966  3 53766.31756925 41.239
 46  33.253472 -15.836293   148.740   148.740  2 53836.31757673 20.446
 51  33.254147 -15.837643   199.000   199.000  2 54011.31765791  8.782
 57  33.252806 -15.837579   141.589   141.589  2 54221.31762454 13.988
 60  33.256768 -15.839781   142.670   142.670  2 54326.31764752 14.314
 62  33.254992 -15.841350   141.217   141.217  2 54396.31758805 16.475
 70  33.254041 -15.836736   142.347   142.347  2 54676.31758790 15.685
 72  33.253993 -15.837384   172.709   172.709  2 54746.31755662 10.973
 73  33.256157 -15.840765   140.150   140.150  2 54781.31752956 31.836
 78  33.253570 -15.836663   219.267   219.267  2 54956.31754853  0.340
 80  33.255887 -15.840152   141.745   141.745  2 55026.31756370 38.529
 81  33.255514 -15.838384   141.859   141.859  2 55061.31755644 22.474
 82  33.255697 -15.841315   141.062   141.062  2 55096.31750730 38.647
 85  33.253949 -15.837014   147.079   145.246  3 55201.31749144 12.968
 88  33.257166 -15.842292   143.394   143.429  3 55306.31745685 37.592
 89  33.255038 -15.839940   206.573   206.573  2 55341.31745682  1.578
 90  33.255806 -15.840114   144.705   144.705  2 55376.31744984 21.195
 92  33.255740 -15.840248   140.808   142.621  3 55446.31746514 29.505
 93  33.257810 -15.841593   140.715   140.996  3 55481.31739816 40.037
